5.222967560000000020e+01 2.101222870000000142e+01
5.006465009999998728e+01 1.994497989999999987e+01
5.175924849999999822e+01 1.945598329999999976e+01
5.110788519999999835e+01 1.703853760000000150e+01
5.240637399999999957e+01 1.692516810000000049e+01
5.435202520000000703e+01 1.864663840000000050e+01
5.342854379999999992e+01 1.455281160000000007e+01
5.312348040000001248e+01 1.800843779999999938e+01
5.124645360000000238e+01 2.256844630000000151e+01
5.026489189999998786e+01 1.902378149999999835e+01
5.313248859999998785e+01 2.316884029999999939e+01
5.451888979999999663e+01 1.853054089999999832e+01
5.081181949999999858e+01 1.912030940000000001e+01
5.140272359999998741e+01 2.114713340000000130e+01
5.028626380000000751e+01 1.910407909999999987e+01
5.301379020000000253e+01 1.859844370000000069e+01
5.086607730000000060e+01 2.062856760000000023e+01
5.004118669999999724e+01 2.199911960000000022e+01
5.029449229999998749e+01 1.867138020000000154e+01
5.032492779999999755e+01 1.878571859999999916e+01
5.377842199999999906e+01 2.048011920000000075e+01
4.982237680000000069e+01 1.905838449999999895e+01
5.034838160000000329e+01 1.891571760000000069e+01
5.193562140000000227e+01 1.550618620000000014e+01
5.010217420000000033e+01 1.854628470000000107e+01
5.025582860000000096e+01 1.885557040000000129e+01
5.012180069999998722e+01 1.902000230000000158e+01
5.273252850000000080e+01 1.523693049999999971e+01
5.032168970000000030e+01 1.919491259999999855e+01
5.254634459999999763e+01 1.970653640000000095e+01
5.415606129999999752e+01 1.940448969999999917e+01
5.067510670000000061e+01 1.792129759999999905e+01
5.078400919999999985e+01 1.628435530000000142e+01
5.264833029999999781e+01 1.906773570000000007e+01
5.001210110000000242e+01 2.098584070000000068e+01
5.029748839999999888e+01 1.895457280000000111e+01
5.419432189999999849e+01 1.617149080000000083e+01
5.176727990000001256e+01 1.808534620000000004e+01
5.120700670000000088e+01 1.615532310000000038e+01
5.348374859999999842e+01 1.875356490000000065e+01
5.446414799999998735e+01 1.702848240000000146e+01
4.994542069999999967e+01 1.861011029999999877e+01
4.961745350000000343e+01 2.071533249999999882e+01
5.090441710000000342e+01 1.571936159999999916e+01
5.216760310000000089e+01 2.229016449999999949e+01
5.222303339999999849e+01 1.825107300000000166e+01
5.140517209999998727e+01 1.970302440000000033e+01
5.020804660000000297e+01 1.916605129999999946e+01
5.315096710000000257e+01 1.673822660000000084e+01
5.279933170000000331e+01 1.825620320000000163e+01